# 3ds Max Wavefront OBJ Exporter v0.97b - (c)2007 guruware
# File Created: 04.09.2017 09:10:11

mtllib Laptop.mtl

#
# object Box20255
#

v  1288.6183 69.0446 2387.7903
v  1320.1328 69.0446 2385.0332
v  1323.2264 69.0446 2420.3943
v  1291.7119 69.0446 2423.1514
v  1288.6183 71.6724 2387.7903
v  1291.7119 71.6724 2423.1514
v  1323.2264 71.6724 2420.3943
v  1320.1328 71.6724 2385.0332
# 8 vertices

vn 0.0000 -1.0000 -0.0000
vn 0.0000 1.0000 -0.0000
vn -0.9962 0.0000 0.0872
vn 0.0872 0.0000 0.9962
vn 0.9962 0.0000 -0.0872
vn -0.0872 0.0000 -0.9962
# 6 vertex normals

vt 1.0000 0.0000 0.0000
vt 1.0000 1.0000 0.0000
vt 0.0000 1.0000 0.0000
vt 0.0000 0.0000 0.0000
# 4 texture coords

g Box20255
usemtl _crayfishdiffuse
s 2
f -8/-4/-6 -7/-3/-6 -6/-2/-6 -5/-1/-6 
s 4
f -4/-1/-5 -3/-4/-5 -2/-3/-5 -1/-2/-5 
s 8
f -8/-1/-4 -5/-4/-4 -3/-3/-4 -4/-2/-4 
s 16
f -5/-1/-3 -6/-4/-3 -2/-3/-3 -3/-2/-3 
s 32
f -6/-1/-2 -7/-4/-2 -1/-3/-2 -2/-2/-2 
s 64
f -7/-1/-1 -8/-4/-1 -4/-3/-1 -1/-2/-1 
# 6 polygons

#
# object Box20256
#

v  1273.3414 69.0446 2213.1746
v  1304.8560 69.0446 2210.4175
v  1307.9496 69.0446 2245.7786
v  1276.4351 69.0446 2248.5356
v  1273.3414 71.6724 2213.1746
v  1276.4351 71.6724 2248.5356
v  1307.9496 71.6724 2245.7786
v  1304.8560 71.6724 2210.4175
# 8 vertices

vn 0.0000 -1.0000 -0.0000
vn 0.0000 1.0000 -0.0000
vn -0.9962 0.0000 0.0872
vn 0.0872 0.0000 0.9962
vn 0.9962 0.0000 -0.0872
vn -0.0872 0.0000 -0.9962
# 6 vertex normals

vt 1.0000 0.0000 0.0000
vt 1.0000 1.0000 0.0000
vt 0.0000 1.0000 0.0000
vt 0.0000 0.0000 0.0000
# 4 texture coords

g Box20256
usemtl _crayfishdiffuse
s 2
f -8/-4/-6 -7/-3/-6 -6/-2/-6 -5/-1/-6 
s 4
f -4/-1/-5 -3/-4/-5 -2/-3/-5 -1/-2/-5 
s 8
f -8/-1/-4 -5/-4/-4 -3/-3/-4 -4/-2/-4 
s 16
f -5/-1/-3 -6/-4/-3 -2/-3/-3 -3/-2/-3 
s 32
f -6/-1/-2 -7/-4/-2 -1/-3/-2 -2/-2/-2 
s 64
f -7/-1/-1 -8/-4/-1 -4/-3/-1 -1/-2/-1 
# 6 polygons

#
# object Box20257
#

v  1298.3478 69.0446 2496.5442
v  1346.3114 69.0446 2492.3481
v  1350.1537 69.0446 2536.2651
v  1302.1901 69.0446 2540.4614
v  1298.3478 71.6724 2496.5442
v  1302.1901 71.6724 2540.4614
v  1350.1537 71.6724 2536.2651
v  1346.3114 71.6724 2492.3481
v  1382.5576 69.0446 2533.4302
v  1378.7153 69.0446 2489.5129
v  1378.7153 71.6724 2489.5129
v  1382.5576 71.6724 2533.4302
v  1343.6476 69.0446 2461.9009
v  1343.6476 71.6724 2461.9009
v  1376.0515 71.6724 2459.0659
v  1376.0515 69.0446 2459.0659
# 16 vertices

vn 0.0000 -1.0000 -0.0000
vn 0.0000 1.0000 -0.0000
vn -0.9962 0.0000 0.0872
vn 0.0872 0.0000 0.9962
vn 0.9962 0.0000 -0.0872
vn -0.0872 0.0000 -0.9962
# 6 vertex normals

vt 1.0000 0.0000 0.0000
vt 1.0000 1.0000 0.0000
vt 0.0000 1.0000 0.0000
vt 0.0000 0.0000 0.0000
# 4 texture coords

g Box20257
usemtl _crayfishdiffuse
s 2
f -16/-4/-6 -15/-3/-6 -14/-2/-6 -13/-1/-6 
s 4
f -12/-1/-5 -11/-4/-5 -10/-3/-5 -9/-2/-5 
s 8
f -16/-1/-4 -13/-4/-4 -11/-3/-4 -12/-2/-4 
s 16
f -13/-1/-3 -14/-4/-3 -10/-3/-3 -11/-2/-3 
s 32
f -8/-1/-2 -7/-4/-2 -6/-3/-2 -5/-2/-2 
s 64
f -15/-1/-1 -16/-4/-1 -12/-3/-1 -9/-2/-1 
s off
f -14/-1/-6 -15/-4/-6 -7/-4/-6 -8/-1/-6 
f -4/-4/-1 -3/-3/-1 -2/-3/-1 -1/-4/-1 
f -9/-3/-5 -10/-2/-5 -5/-2/-5 -6/-3/-5 
f -10/-2/-3 -14/-1/-3 -8/-1/-3 -5/-2/-3 
f -15/-4/-4 -9/-3/-4 -3/-3/-4 -4/-4/-4 
f -9/-3/-5 -6/-3/-5 -2/-3/-5 -3/-3/-5 
f -6/-3/-2 -7/-4/-2 -1/-4/-2 -2/-3/-2 
f -7/-4/-6 -15/-4/-6 -4/-4/-6 -1/-4/-6 
# 14 polygons

#
# object Box20258
#

v  1236.1630 69.0446 1788.8279
v  1267.6775 69.0446 1786.0707
v  1273.4730 69.0446 1852.3137
v  1241.9585 69.0446 1855.0709
v  1236.1630 71.6724 1788.8279
v  1241.9585 71.6724 1855.0709
v  1273.4730 71.6724 1852.3137
v  1267.6775 71.6724 1786.0707
# 8 vertices

vn 0.0000 -1.0000 -0.0000
vn 0.0000 1.0000 -0.0000
vn -0.9962 0.0000 0.0872
vn 0.0872 0.0000 0.9962
vn 0.9962 0.0000 -0.0872
vn -0.0872 0.0000 -0.9962
# 6 vertex normals

vt 1.0000 0.0000 0.0000
vt 1.0000 1.0000 0.0000
vt 0.0000 1.0000 0.0000
vt 0.0000 0.0000 0.0000
# 4 texture coords

g Box20258
usemtl _crayfishdiffuse
s 2
f -8/-4/-6 -7/-3/-6 -6/-2/-6 -5/-1/-6 
s 4
f -4/-1/-5 -3/-4/-5 -2/-3/-5 -1/-2/-5 
s 8
f -8/-1/-4 -5/-4/-4 -3/-3/-4 -4/-2/-4 
s 16
f -5/-1/-3 -6/-4/-3 -2/-3/-3 -3/-2/-3 
s 32
f -6/-1/-2 -7/-4/-2 -1/-3/-2 -2/-2/-2 
s 64
f -7/-1/-1 -8/-4/-1 -4/-3/-1 -1/-2/-1 
# 6 polygons

#
# object Box20259
#

v  1258.0645 69.0446 2038.5590
v  1289.5790 69.0446 2035.8018
v  1292.6726 69.0446 2071.1628
v  1261.1581 69.0446 2073.9199
v  1258.0645 71.6724 2038.5590
v  1261.1581 71.6724 2073.9199
v  1292.6726 71.6724 2071.1628
v  1289.5790 71.6724 2035.8018
# 8 vertices

vn 0.0000 -1.0000 -0.0000
vn 0.0000 1.0000 -0.0000
vn -0.9962 0.0000 0.0872
vn 0.0872 0.0000 0.9962
vn 0.9962 0.0000 -0.0872
vn -0.0872 0.0000 -0.9962
# 6 vertex normals

vt 1.0000 0.0000 0.0000
vt 1.0000 1.0000 0.0000
vt 0.0000 1.0000 0.0000
vt 0.0000 0.0000 0.0000
# 4 texture coords

g Box20259
usemtl _crayfishdiffuse
s 2
f -8/-4/-6 -7/-3/-6 -6/-2/-6 -5/-1/-6 
s 4
f -4/-1/-5 -3/-4/-5 -2/-3/-5 -1/-2/-5 
s 8
f -8/-1/-4 -5/-4/-4 -3/-3/-4 -4/-2/-4 
s 16
f -5/-1/-3 -6/-4/-3 -2/-3/-3 -3/-2/-3 
s 32
f -6/-1/-2 -7/-4/-2 -1/-3/-2 -2/-2/-2 
s 64
f -7/-1/-1 -8/-4/-1 -4/-3/-1 -1/-2/-1 
# 6 polygons

#
# object Box20260
#

v  1280.9799 69.0446 2300.4824
v  1312.4944 69.0446 2297.7253
v  1315.5880 69.0446 2333.0864
v  1284.0735 69.0446 2335.8435
v  1280.9799 71.6724 2300.4824
v  1284.0735 71.6724 2335.8435
v  1315.5880 71.6724 2333.0864
v  1312.4944 71.6724 2297.7253
# 8 vertices

vn 0.0000 -1.0000 -0.0000
vn 0.0000 1.0000 -0.0000
vn -0.9962 0.0000 0.0872
vn 0.0872 0.0000 0.9962
vn 0.9962 0.0000 -0.0872
vn -0.0872 0.0000 -0.9962
# 6 vertex normals

vt 1.0000 0.0000 0.0000
vt 1.0000 1.0000 0.0000
vt 0.0000 1.0000 0.0000
vt 0.0000 0.0000 0.0000
# 4 texture coords

g Box20260
usemtl _crayfishdiffuse
s 2
f -8/-4/-6 -7/-3/-6 -6/-2/-6 -5/-1/-6 
s 4
f -4/-1/-5 -3/-4/-5 -2/-3/-5 -1/-2/-5 
s 8
f -8/-1/-4 -5/-4/-4 -3/-3/-4 -4/-2/-4 
s 16
f -5/-1/-3 -6/-4/-3 -2/-3/-3 -3/-2/-3 
s 32
f -6/-1/-2 -7/-4/-2 -1/-3/-2 -2/-2/-2 
s 64
f -7/-1/-1 -8/-4/-1 -4/-3/-1 -1/-2/-1 
# 6 polygons

#
# object Box20261
#

v  1242.7876 69.0446 1863.9432
v  1274.3021 69.0446 1861.1860
v  1277.3958 69.0446 1896.5470
v  1245.8812 69.0446 1899.3042
v  1242.7876 71.6724 1863.9432
v  1245.8812 71.6724 1899.3042
v  1277.3958 71.6724 1896.5470
v  1274.3021 71.6724 1861.1860
# 8 vertices

vn 0.0000 -1.0000 -0.0000
vn 0.0000 1.0000 -0.0000
vn -0.9962 0.0000 0.0872
vn 0.0872 0.0000 0.9962
vn 0.9962 0.0000 -0.0872
vn -0.0872 0.0000 -0.9962
# 6 vertex normals

vt 1.0000 0.0000 0.0000
vt 1.0000 1.0000 0.0000
vt 0.0000 1.0000 0.0000
vt 0.0000 0.0000 0.0000
# 4 texture coords

g Box20261
usemtl _crayfishdiffuse
s 2
f -8/-4/-6 -7/-3/-6 -6/-2/-6 -5/-1/-6 
s 4
f -4/-1/-5 -3/-4/-5 -2/-3/-5 -1/-2/-5 
s 8
f -8/-1/-4 -5/-4/-4 -3/-3/-4 -4/-2/-4 
s 16
f -5/-1/-3 -6/-4/-3 -2/-3/-3 -3/-2/-3 
s 32
f -6/-1/-2 -7/-4/-2 -1/-3/-2 -2/-2/-2 
s 64
f -7/-1/-1 -8/-4/-1 -4/-3/-1 -1/-2/-1 
# 6 polygons

#
# object Box20262
#

v  1261.8837 69.0446 2082.2129
v  1293.3982 69.0446 2079.4558
v  1296.4918 69.0446 2114.8169
v  1264.9773 69.0446 2117.5740
v  1261.8837 71.6724 2082.2129
v  1264.9773 71.6724 2117.5740
v  1296.4918 71.6724 2114.8169
v  1293.3982 71.6724 2079.4558
# 8 vertices

vn 0.0000 -1.0000 -0.0000
vn 0.0000 1.0000 -0.0000
vn -0.9962 0.0000 0.0872
vn 0.0872 0.0000 0.9962
vn 0.9962 0.0000 -0.0872
vn -0.0872 0.0000 -0.9962
# 6 vertex normals

vt 1.0000 0.0000 0.0000
vt 1.0000 1.0000 0.0000
vt 0.0000 1.0000 0.0000
vt 0.0000 0.0000 0.0000
# 4 texture coords

g Box20262
usemtl _crayfishdiffuse
s 2
f -8/-4/-6 -7/-3/-6 -6/-2/-6 -5/-1/-6 
s 4
f -4/-1/-5 -3/-4/-5 -2/-3/-5 -1/-2/-5 
s 8
f -8/-1/-4 -5/-4/-4 -3/-3/-4 -4/-2/-4 
s 16
f -5/-1/-3 -6/-4/-3 -2/-3/-3 -3/-2/-3 
s 32
f -6/-1/-2 -7/-4/-2 -1/-3/-2 -2/-2/-2 
s 64
f -7/-1/-1 -8/-4/-1 -4/-3/-1 -1/-2/-1 
# 6 polygons

#
# object Box20263
#

v  1269.5222 69.0446 2169.5208
v  1301.0367 69.0446 2166.7637
v  1304.1304 69.0446 2202.1248
v  1272.6158 69.0446 2204.8818
v  1269.5222 71.6724 2169.5208
v  1272.6158 71.6724 2204.8818
v  1304.1304 71.6724 2202.1248
v  1301.0367 71.6724 2166.7637
# 8 vertices

vn 0.0000 -1.0000 -0.0000
vn 0.0000 1.0000 -0.0000
vn -0.9962 0.0000 0.0872
vn 0.0872 0.0000 0.9962
vn 0.9962 0.0000 -0.0872
vn -0.0872 0.0000 -0.9962
# 6 vertex normals

vt 1.0000 0.0000 0.0000
vt 1.0000 1.0000 0.0000
vt 0.0000 1.0000 0.0000
vt 0.0000 0.0000 0.0000
# 4 texture coords

g Box20263
usemtl _crayfishdiffuse
s 2
f -8/-4/-6 -7/-3/-6 -6/-2/-6 -5/-1/-6 
s 4
f -4/-1/-5 -3/-4/-5 -2/-3/-5 -1/-2/-5 
s 8
f -8/-1/-4 -5/-4/-4 -3/-3/-4 -4/-2/-4 
s 16
f -5/-1/-3 -6/-4/-3 -2/-3/-3 -3/-2/-3 
s 32
f -6/-1/-2 -7/-4/-2 -1/-3/-2 -2/-2/-2 
s 64
f -7/-1/-1 -8/-4/-1 -4/-3/-1 -1/-2/-1 
# 6 polygons

#
# object Box20264
#

v  1250.4260 69.0446 1951.2511
v  1281.9406 69.0446 1948.4939
v  1285.0342 69.0446 1983.8549
v  1253.5197 69.0446 1986.6121
v  1250.4260 71.6724 1951.2511
v  1253.5197 71.6724 1986.6121
v  1285.0342 71.6724 1983.8549
v  1281.9406 71.6724 1948.4939
# 8 vertices

vn 0.0000 -1.0000 -0.0000
vn 0.0000 1.0000 -0.0000
vn -0.9962 0.0000 0.0872
vn 0.0872 0.0000 0.9962
vn 0.9962 0.0000 -0.0872
vn -0.0872 0.0000 -0.9962
# 6 vertex normals

vt 1.0000 0.0000 0.0000
vt 1.0000 1.0000 0.0000
vt 0.0000 1.0000 0.0000
vt 0.0000 0.0000 0.0000
# 4 texture coords

g Box20264
usemtl _crayfishdiffuse
s 2
f -8/-4/-6 -7/-3/-6 -6/-2/-6 -5/-1/-6 
s 4
f -4/-1/-5 -3/-4/-5 -2/-3/-5 -1/-2/-5 
s 8
f -8/-1/-4 -5/-4/-4 -3/-3/-4 -4/-2/-4 
s 16
f -5/-1/-3 -6/-4/-3 -2/-3/-3 -3/-2/-3 
s 32
f -6/-1/-2 -7/-4/-2 -1/-3/-2 -2/-2/-2 
s 64
f -7/-1/-1 -8/-4/-1 -4/-3/-1 -1/-2/-1 
# 6 polygons

#
# object Box20265
#

v  1277.1606 69.0446 2256.8286
v  1308.6752 69.0446 2254.0715
v  1311.7688 69.0446 2289.4326
v  1280.2543 69.0446 2292.1897
v  1277.1606 71.6724 2256.8286
v  1280.2543 71.6724 2292.1897
v  1311.7688 71.6724 2289.4326
v  1308.6752 71.6724 2254.0715
# 8 vertices

vn 0.0000 -1.0000 -0.0000
vn 0.0000 1.0000 -0.0000
vn -0.9962 0.0000 0.0872
vn 0.0872 0.0000 0.9962
vn 0.9962 0.0000 -0.0872
vn -0.0872 0.0000 -0.9962
# 6 vertex normals

vt 1.0000 0.0000 0.0000
vt 1.0000 1.0000 0.0000
vt 0.0000 1.0000 0.0000
vt 0.0000 0.0000 0.0000
# 4 texture coords

g Box20265
usemtl _crayfishdiffuse
s 2
f -8/-4/-6 -7/-3/-6 -6/-2/-6 -5/-1/-6 
s 4
f -4/-1/-5 -3/-4/-5 -2/-3/-5 -1/-2/-5 
s 8
f -8/-1/-4 -5/-4/-4 -3/-3/-4 -4/-2/-4 
s 16
f -5/-1/-3 -6/-4/-3 -2/-3/-3 -3/-2/-3 
s 32
f -6/-1/-2 -7/-4/-2 -1/-3/-2 -2/-2/-2 
s 64
f -7/-1/-1 -8/-4/-1 -4/-3/-1 -1/-2/-1 
# 6 polygons

#
# object Box20266
#

v  1201.0537 69.0446 1911.5826
v  1232.5682 69.0446 1908.8254
v  1235.6619 69.0446 1944.1864
v  1204.1473 69.0446 1946.9436
v  1201.0537 71.6724 1911.5826
v  1204.1473 71.6724 1946.9436
v  1235.6619 71.6724 1944.1864
v  1232.5682 71.6724 1908.8254
# 8 vertices

vn 0.0000 -1.0000 -0.0000
vn 0.0000 1.0000 -0.0000
vn -0.9962 0.0000 0.0872
vn 0.0872 0.0000 0.9962
vn 0.9962 0.0000 -0.0872
vn -0.0872 0.0000 -0.9962
# 6 vertex normals

vt 1.0000 0.0000 0.0000
vt 1.0000 1.0000 0.0000
vt 0.0000 1.0000 0.0000
vt 0.0000 0.0000 0.0000
# 4 texture coords

g Box20266
usemtl _crayfishdiffuse
s 2
f -8/-4/-6 -7/-3/-6 -6/-2/-6 -5/-1/-6 
s 4
f -4/-1/-5 -3/-4/-5 -2/-3/-5 -1/-2/-5 
s 8
f -8/-1/-4 -5/-4/-4 -3/-3/-4 -4/-2/-4 
s 16
f -5/-1/-3 -6/-4/-3 -2/-3/-3 -3/-2/-3 
s 32
f -6/-1/-2 -7/-4/-2 -1/-3/-2 -2/-2/-2 
s 64
f -7/-1/-1 -8/-4/-1 -4/-3/-1 -1/-2/-1 
# 6 polygons

#
# object Box20267
#

v  1265.7030 69.0446 2125.8669
v  1297.2175 69.0446 2123.1099
v  1300.3112 69.0446 2158.4709
v  1268.7966 69.0446 2161.2280
v  1265.7030 71.6724 2125.8669
v  1268.7966 71.6724 2161.2280
v  1300.3112 71.6724 2158.4709
v  1297.2175 71.6724 2123.1099
# 8 vertices

vn 0.0000 -1.0000 -0.0000
vn 0.0000 1.0000 -0.0000
vn -0.9962 0.0000 0.0872
vn 0.0872 0.0000 0.9962
vn 0.9962 0.0000 -0.0872
vn -0.0872 0.0000 -0.9962
# 6 vertex normals

vt 1.0000 0.0000 0.0000
vt 1.0000 1.0000 0.0000
vt 0.0000 1.0000 0.0000
vt 0.0000 0.0000 0.0000
# 4 texture coords

g Box20267
usemtl _crayfishdiffuse
s 2
f -8/-4/-6 -7/-3/-6 -6/-2/-6 -5/-1/-6 
s 4
f -4/-1/-5 -3/-4/-5 -2/-3/-5 -1/-2/-5 
s 8
f -8/-1/-4 -5/-4/-4 -3/-3/-4 -4/-2/-4 
s 16
f -5/-1/-3 -6/-4/-3 -2/-3/-3 -3/-2/-3 
s 32
f -6/-1/-2 -7/-4/-2 -1/-3/-2 -2/-2/-2 
s 64
f -7/-1/-1 -8/-4/-1 -4/-3/-1 -1/-2/-1 
# 6 polygons

#
# object Box20268
#

v  1246.6068 69.0446 1907.5973
v  1278.1213 69.0446 1904.8401
v  1281.2150 69.0446 1940.2010
v  1249.7004 69.0446 1942.9583
v  1246.6068 71.6724 1907.5973
v  1249.7004 71.6724 1942.9583
v  1281.2150 71.6724 1940.2010
v  1278.1213 71.6724 1904.8401
# 8 vertices

vn 0.0000 -1.0000 -0.0000
vn 0.0000 1.0000 -0.0000
vn -0.9962 0.0000 0.0872
vn 0.0872 0.0000 0.9962
vn 0.9962 0.0000 -0.0872
vn -0.0872 0.0000 -0.9962
# 6 vertex normals

vt 1.0000 0.0000 0.0000
vt 1.0000 1.0000 0.0000
vt 0.0000 1.0000 0.0000
vt 0.0000 0.0000 0.0000
# 4 texture coords

g Box20268
usemtl _crayfishdiffuse
s 2
f -8/-4/-6 -7/-3/-6 -6/-2/-6 -5/-1/-6 
s 4
f -4/-1/-5 -3/-4/-5 -2/-3/-5 -1/-2/-5 
s 8
f -8/-1/-4 -5/-4/-4 -3/-3/-4 -4/-2/-4 
s 16
f -5/-1/-3 -6/-4/-3 -2/-3/-3 -3/-2/-3 
s 32
f -6/-1/-2 -7/-4/-2 -1/-3/-2 -2/-2/-2 
s 64
f -7/-1/-1 -8/-4/-1 -4/-3/-1 -1/-2/-1 
# 6 polygons

#
# object Box20269
#

v  1292.2861 69.0446 1881.4355
v  1323.8007 69.0446 1878.6783
v  1326.8943 69.0446 1914.0393
v  1295.3798 69.0446 1916.7965
v  1292.2861 71.6724 1881.4355
v  1295.3798 71.6724 1916.7965
v  1326.8943 71.6724 1914.0393
v  1323.8007 71.6724 1878.6783
# 8 vertices

vn 0.0000 -1.0000 -0.0000
vn 0.0000 1.0000 -0.0000
vn -0.9962 0.0000 0.0872
vn 0.0872 0.0000 0.9962
vn 0.9962 0.0000 -0.0872
vn -0.0872 0.0000 -0.9962
# 6 vertex normals

vt 1.0000 0.0000 0.0000
vt 1.0000 1.0000 0.0000
vt 0.0000 1.0000 0.0000
vt 0.0000 0.0000 0.0000
# 4 texture coords

g Box20269
usemtl _crayfishdiffuse
s 2
f -8/-4/-6 -7/-3/-6 -6/-2/-6 -5/-1/-6 
s 4
f -4/-1/-5 -3/-4/-5 -2/-3/-5 -1/-2/-5 
s 8
f -8/-1/-4 -5/-4/-4 -3/-3/-4 -4/-2/-4 
s 16
f -5/-1/-3 -6/-4/-3 -2/-3/-3 -3/-2/-3 
s 32
f -6/-1/-2 -7/-4/-2 -1/-3/-2 -2/-2/-2 
s 64
f -7/-1/-1 -8/-4/-1 -4/-3/-1 -1/-2/-1 
# 6 polygons

#
# object Box20270
#

v  1283.7604 69.0446 1783.9857
v  1315.2749 69.0446 1781.2285
v  1321.5631 69.0446 1853.1029
v  1290.0486 69.0446 1855.8601
v  1283.7604 71.6724 1783.9857
v  1290.0486 71.6724 1855.8601
v  1321.5631 71.6724 1853.1029
v  1315.2749 71.6724 1781.2285
# 8 vertices

vn 0.0000 -1.0000 -0.0000
vn 0.0000 1.0000 -0.0000
vn -0.9962 0.0000 0.0872
vn 0.0872 0.0000 0.9962
vn 0.9962 0.0000 -0.0872
vn -0.0872 0.0000 -0.9962
# 6 vertex normals

vt 1.0000 0.0000 0.0000
vt 1.0000 1.0000 0.0000
vt 0.0000 1.0000 0.0000
vt 0.0000 0.0000 0.0000
# 4 texture coords

g Box20270
usemtl _crayfishdiffuse
s 2
f -8/-4/-6 -7/-3/-6 -6/-2/-6 -5/-1/-6 
s 4
f -4/-1/-5 -3/-4/-5 -2/-3/-5 -1/-2/-5 
s 8
f -8/-1/-4 -5/-4/-4 -3/-3/-4 -4/-2/-4 
s 16
f -5/-1/-3 -6/-4/-3 -2/-3/-3 -3/-2/-3 
s 32
f -6/-1/-2 -7/-4/-2 -1/-3/-2 -2/-2/-2 
s 64
f -7/-1/-1 -8/-4/-1 -4/-3/-1 -1/-2/-1 
# 6 polygons

#
# object Box20271
#

v  1296.5076 69.0446 1929.6862
v  1328.0221 69.0446 1926.9290
v  1331.1157 69.0446 1962.2899
v  1299.6012 69.0446 1965.0471
v  1296.5076 71.6724 1929.6862
v  1299.6012 71.6724 1965.0471
v  1331.1157 71.6724 1962.2899
v  1328.0221 71.6724 1926.9290
# 8 vertices

vn 0.0000 -1.0000 -0.0000
vn 0.0000 1.0000 -0.0000
vn -0.9962 0.0000 0.0872
vn 0.0872 0.0000 0.9962
vn 0.9962 0.0000 -0.0872
vn -0.0872 0.0000 -0.9962
# 6 vertex normals

vt 1.0000 0.0000 0.0000
vt 1.0000 1.0000 0.0000
vt 0.0000 1.0000 0.0000
vt 0.0000 0.0000 0.0000
# 4 texture coords

g Box20271
usemtl _crayfishdiffuse
s 2
f -8/-4/-6 -7/-3/-6 -6/-2/-6 -5/-1/-6 
s 4
f -4/-1/-5 -3/-4/-5 -2/-3/-5 -1/-2/-5 
s 8
f -8/-1/-4 -5/-4/-4 -3/-3/-4 -4/-2/-4 
s 16
f -5/-1/-3 -6/-4/-3 -2/-3/-3 -3/-2/-3 
s 32
f -6/-1/-2 -7/-4/-2 -1/-3/-2 -2/-2/-2 
s 64
f -7/-1/-1 -8/-4/-1 -4/-3/-1 -1/-2/-1 
# 6 polygons

#
# object Box20272
#

v  1292.8834 69.0446 2436.5400
v  1324.3979 69.0446 2433.7830
v  1327.4916 69.0446 2469.1440
v  1295.9771 69.0446 2471.9011
v  1292.8834 71.6724 2436.5400
v  1295.9771 71.6724 2471.9011
v  1327.4916 71.6724 2469.1440
v  1324.3979 71.6724 2433.7830
# 8 vertices

vn 0.0000 -1.0000 -0.0000
vn 0.0000 1.0000 -0.0000
vn -0.9962 0.0000 0.0872
vn 0.0872 0.0000 0.9962
vn 0.9962 0.0000 -0.0872
vn -0.0872 0.0000 -0.9962
# 6 vertex normals

vt 1.0000 0.0000 0.0000
vt 1.0000 1.0000 0.0000
vt 0.0000 1.0000 0.0000
vt 0.0000 0.0000 0.0000
# 4 texture coords

g Box20272
usemtl _crayfishdiffuse
s 2
f -8/-4/-6 -7/-3/-6 -6/-2/-6 -5/-1/-6 
s 4
f -4/-1/-5 -3/-4/-5 -2/-3/-5 -1/-2/-5 
s 8
f -8/-1/-4 -5/-4/-4 -3/-3/-4 -4/-2/-4 
s 16
f -5/-1/-3 -6/-4/-3 -2/-3/-3 -3/-2/-3 
s 32
f -6/-1/-2 -7/-4/-2 -1/-3/-2 -2/-2/-2 
s 64
f -7/-1/-1 -8/-4/-1 -4/-3/-1 -1/-2/-1 
# 6 polygons

#
# object Box20273
#

v  1338.7214 69.0446 2412.1926
v  1370.2360 69.0446 2409.4355
v  1373.3296 69.0446 2444.7966
v  1341.8151 69.0446 2447.5537
v  1338.7214 71.6724 2412.1926
v  1341.8151 71.6724 2447.5537
v  1373.3296 71.6724 2444.7966
v  1370.2360 71.6724 2409.4355
# 8 vertices

vn 0.0000 -1.0000 -0.0000
vn 0.0000 1.0000 -0.0000
vn -0.9962 0.0000 0.0872
vn 0.0872 0.0000 0.9962
vn 0.9962 0.0000 -0.0872
vn -0.0872 0.0000 -0.9962
# 6 vertex normals

vt 1.0000 0.0000 0.0000
vt 1.0000 1.0000 0.0000
vt 0.0000 1.0000 0.0000
vt 0.0000 0.0000 0.0000
# 4 texture coords

g Box20273
usemtl _crayfishdiffuse
s 2
f -8/-4/-6 -7/-3/-6 -6/-2/-6 -5/-1/-6 
s 4
f -4/-1/-5 -3/-4/-5 -2/-3/-5 -1/-2/-5 
s 8
f -8/-1/-4 -5/-4/-4 -3/-3/-4 -4/-2/-4 
s 16
f -5/-1/-3 -6/-4/-3 -2/-3/-3 -3/-2/-3 
s 32
f -6/-1/-2 -7/-4/-2 -1/-3/-2 -2/-2/-2 
s 64
f -7/-1/-1 -8/-4/-1 -4/-3/-1 -1/-2/-1 
# 6 polygons

#
# object Box20274
#

v  1334.5000 69.0446 2363.9419
v  1366.0145 69.0446 2361.1848
v  1369.1082 69.0446 2396.5459
v  1337.5936 69.0446 2399.3030
v  1334.5000 71.6724 2363.9419
v  1337.5936 71.6724 2399.3030
v  1369.1082 71.6724 2396.5459
v  1366.0145 71.6724 2361.1848
# 8 vertices

vn 0.0000 -1.0000 -0.0000
vn 0.0000 1.0000 -0.0000
vn -0.9962 0.0000 0.0872
vn 0.0872 0.0000 0.9962
vn 0.9962 0.0000 -0.0872
vn -0.0872 0.0000 -0.9962
# 6 vertex normals

vt 1.0000 0.0000 0.0000
vt 1.0000 1.0000 0.0000
vt 0.0000 1.0000 0.0000
vt 0.0000 0.0000 0.0000
# 4 texture coords

g Box20274
usemtl _crayfishdiffuse
s 2
f -8/-4/-6 -7/-3/-6 -6/-2/-6 -5/-1/-6 
s 4
f -4/-1/-5 -3/-4/-5 -2/-3/-5 -1/-2/-5 
s 8
f -8/-1/-4 -5/-4/-4 -3/-3/-4 -4/-2/-4 
s 16
f -5/-1/-3 -6/-4/-3 -2/-3/-3 -3/-2/-3 
s 32
f -6/-1/-2 -7/-4/-2 -1/-3/-2 -2/-2/-2 
s 64
f -7/-1/-1 -8/-4/-1 -4/-3/-1 -1/-2/-1 
# 6 polygons

#
# object Box20275
#

v  1284.7991 69.0446 2344.1365
v  1316.3136 69.0446 2341.3794
v  1319.4072 69.0446 2376.7405
v  1287.8927 69.0446 2379.4976
v  1284.7991 71.6724 2344.1365
v  1287.8927 71.6724 2379.4976
v  1319.4072 71.6724 2376.7405
v  1316.3136 71.6724 2341.3794
# 8 vertices

vn 0.0000 -1.0000 -0.0000
vn 0.0000 1.0000 -0.0000
vn -0.9962 0.0000 0.0872
vn 0.0872 0.0000 0.9962
vn 0.9962 0.0000 -0.0872
vn -0.0872 0.0000 -0.9962
# 6 vertex normals

vt 1.0000 0.0000 0.0000
vt 1.0000 1.0000 0.0000
vt 0.0000 1.0000 0.0000
vt 0.0000 0.0000 0.0000
# 4 texture coords

g Box20275
usemtl _crayfishdiffuse
s 2
f -8/-4/-6 -7/-3/-6 -6/-2/-6 -5/-1/-6 
s 4
f -4/-1/-5 -3/-4/-5 -2/-3/-5 -1/-2/-5 
s 8
f -8/-1/-4 -5/-4/-4 -3/-3/-4 -4/-2/-4 
s 16
f -5/-1/-3 -6/-4/-3 -2/-3/-3 -3/-2/-3 
s 32
f -6/-1/-2 -7/-4/-2 -1/-3/-2 -2/-2/-2 
s 64
f -7/-1/-1 -8/-4/-1 -4/-3/-1 -1/-2/-1 
# 6 polygons

#
# object Box20276
#

v  1330.2787 69.0446 2315.6912
v  1361.7932 69.0446 2312.9341
v  1364.8868 69.0446 2348.2952
v  1333.3723 69.0446 2351.0522
v  1330.2787 71.6724 2315.6912
v  1333.3723 71.6724 2351.0522
v  1364.8868 71.6724 2348.2952
v  1361.7932 71.6724 2312.9341
# 8 vertices

vn 0.0000 -1.0000 -0.0000
vn 0.0000 1.0000 -0.0000
vn -0.9962 0.0000 0.0872
vn 0.0872 0.0000 0.9962
vn 0.9962 0.0000 -0.0872
vn -0.0872 0.0000 -0.9962
# 6 vertex normals

vt 1.0000 0.0000 0.0000
vt 1.0000 1.0000 0.0000
vt 0.0000 1.0000 0.0000
vt 0.0000 0.0000 0.0000
# 4 texture coords

g Box20276
usemtl _crayfishdiffuse
s 2
f -8/-4/-6 -7/-3/-6 -6/-2/-6 -5/-1/-6 
s 4
f -4/-1/-5 -3/-4/-5 -2/-3/-5 -1/-2/-5 
s 8
f -8/-1/-4 -5/-4/-4 -3/-3/-4 -4/-2/-4 
s 16
f -5/-1/-3 -6/-4/-3 -2/-3/-3 -3/-2/-3 
s 32
f -6/-1/-2 -7/-4/-2 -1/-3/-2 -2/-2/-2 
s 64
f -7/-1/-1 -8/-4/-1 -4/-3/-1 -1/-2/-1 
# 6 polygons

#
# object Box20277
#

v  1372.0372 69.0446 2250.9768
v  1403.5518 69.0446 2248.2197
v  1406.6454 69.0446 2283.5808
v  1375.1309 69.0446 2286.3379
v  1372.0372 71.6724 2250.9768
v  1375.1309 71.6724 2286.3379
v  1406.6454 71.6724 2283.5808
v  1403.5518 71.6724 2248.2197
# 8 vertices

vn 0.0000 -1.0000 -0.0000
vn 0.0000 1.0000 -0.0000
vn -0.9962 0.0000 0.0872
vn 0.0872 0.0000 0.9962
vn 0.9962 0.0000 -0.0872
vn -0.0872 0.0000 -0.9962
# 6 vertex normals

vt 1.0000 0.0000 0.0000
vt 1.0000 1.0000 0.0000
vt 0.0000 1.0000 0.0000
vt 0.0000 0.0000 0.0000
# 4 texture coords

g Box20277
usemtl _crayfishdiffuse
s 2
f -8/-4/-6 -7/-3/-6 -6/-2/-6 -5/-1/-6 
s 4
f -4/-1/-5 -3/-4/-5 -2/-3/-5 -1/-2/-5 
s 8
f -8/-1/-4 -5/-4/-4 -3/-3/-4 -4/-2/-4 
s 16
f -5/-1/-3 -6/-4/-3 -2/-3/-3 -3/-2/-3 
s 32
f -6/-1/-2 -7/-4/-2 -1/-3/-2 -2/-2/-2 
s 64
f -7/-1/-1 -8/-4/-1 -4/-3/-1 -1/-2/-1 
# 6 polygons

#
# object Box20278
#

v  1380.1069 69.0446 2343.2144
v  1411.6215 69.0446 2340.4573
v  1414.7151 69.0446 2375.8184
v  1383.2006 69.0446 2378.5754
v  1380.1069 71.6724 2343.2144
v  1383.2006 71.6724 2378.5754
v  1414.7151 71.6724 2375.8184
v  1411.6215 71.6724 2340.4573
# 8 vertices

vn 0.0000 -1.0000 -0.0000
vn 0.0000 1.0000 -0.0000
vn -0.9962 0.0000 0.0872
vn 0.0872 0.0000 0.9962
vn 0.9962 0.0000 -0.0872
vn -0.0872 0.0000 -0.9962
# 6 vertex normals

vt 1.0000 0.0000 0.0000
vt 1.0000 1.0000 0.0000
vt 0.0000 1.0000 0.0000
vt 0.0000 0.0000 0.0000
# 4 texture coords

g Box20278
usemtl _crayfishdiffuse
s 2
f -8/-4/-6 -7/-3/-6 -6/-2/-6 -5/-1/-6 
s 4
f -4/-1/-5 -3/-4/-5 -2/-3/-5 -1/-2/-5 
s 8
f -8/-1/-4 -5/-4/-4 -3/-3/-4 -4/-2/-4 
s 16
f -5/-1/-3 -6/-4/-3 -2/-3/-3 -3/-2/-3 
s 32
f -6/-1/-2 -7/-4/-2 -1/-3/-2 -2/-2/-2 
s 64
f -7/-1/-1 -8/-4/-1 -4/-3/-1 -1/-2/-1 
# 6 polygons

#
# object Box20279
#

v  1376.0721 69.0446 2297.0955
v  1407.5867 69.0446 2294.3384
v  1410.6803 69.0446 2329.6995
v  1379.1658 69.0446 2332.4565
v  1376.0721 71.6724 2297.0955
v  1379.1658 71.6724 2332.4565
v  1410.6803 71.6724 2329.6995
v  1407.5867 71.6724 2294.3384
# 8 vertices

vn 0.0000 -1.0000 -0.0000
vn 0.0000 1.0000 -0.0000
vn -0.9962 0.0000 0.0872
vn 0.0872 0.0000 0.9962
vn 0.9962 0.0000 -0.0872
vn -0.0872 0.0000 -0.9962
# 6 vertex normals

vt 1.0000 0.0000 0.0000
vt 1.0000 1.0000 0.0000
vt 0.0000 1.0000 0.0000
vt 0.0000 0.0000 0.0000
# 4 texture coords

g Box20279
usemtl _crayfishdiffuse
s 2
f -8/-4/-6 -7/-3/-6 -6/-2/-6 -5/-1/-6 
s 4
f -4/-1/-5 -3/-4/-5 -2/-3/-5 -1/-2/-5 
s 8
f -8/-1/-4 -5/-4/-4 -3/-3/-4 -4/-2/-4 
s 16
f -5/-1/-3 -6/-4/-3 -2/-3/-3 -3/-2/-3 
s 32
f -6/-1/-2 -7/-4/-2 -1/-3/-2 -2/-2/-2 
s 64
f -7/-1/-1 -8/-4/-1 -4/-3/-1 -1/-2/-1 
# 6 polygons

#
# object Box20280
#

v  1388.2756 69.0446 2437.1436
v  1419.7902 69.0446 2434.3862
v  1428.0115 69.0446 2528.3574
v  1396.4969 69.0446 2531.1147
v  1388.2756 71.6724 2437.1436
v  1396.4969 71.6724 2531.1147
v  1428.0115 71.6724 2528.3574
v  1419.7902 71.6724 2434.3862
# 8 vertices

vn 0.0000 -1.0000 -0.0000
vn 0.0000 1.0000 -0.0000
vn -0.9962 0.0000 0.0872
vn 0.0872 0.0000 0.9962
vn 0.9962 0.0000 -0.0872
vn -0.0872 0.0000 -0.9962
# 6 vertex normals

vt 1.0000 0.0000 0.0000
vt 1.0000 1.0000 0.0000
vt 0.0000 1.0000 0.0000
vt 0.0000 0.0000 0.0000
# 4 texture coords

g Box20280
usemtl _crayfishdiffuse
s 2
f -8/-4/-6 -7/-3/-6 -6/-2/-6 -5/-1/-6 
s 4
f -4/-1/-5 -3/-4/-5 -2/-3/-5 -1/-2/-5 
s 8
f -8/-1/-4 -5/-4/-4 -3/-3/-4 -4/-2/-4 
s 16
f -5/-1/-3 -6/-4/-3 -2/-3/-3 -3/-2/-3 
s 32
f -6/-1/-2 -7/-4/-2 -1/-3/-2 -2/-2/-2 
s 64
f -7/-1/-1 -8/-4/-1 -4/-3/-1 -1/-2/-1 
# 6 polygons

#
# object Box20281
#

v  1384.1418 69.0446 2389.3333
v  1415.6564 69.0446 2386.5762
v  1418.7500 69.0446 2421.9373
v  1387.2355 69.0446 2424.6943
v  1384.1418 71.6724 2389.3333
v  1387.2355 71.6724 2424.6943
v  1418.7500 71.6724 2421.9373
v  1415.6564 71.6724 2386.5762
# 8 vertices

vn 0.0000 -1.0000 -0.0000
vn 0.0000 1.0000 -0.0000
vn -0.9962 0.0000 0.0872
vn 0.0872 0.0000 0.9962
vn 0.9962 0.0000 -0.0872
vn -0.0872 0.0000 -0.9962
# 6 vertex normals

vt 1.0000 0.0000 0.0000
vt 1.0000 1.0000 0.0000
vt 0.0000 1.0000 0.0000
vt 0.0000 0.0000 0.0000
# 4 texture coords

g Box20281
usemtl _crayfishdiffuse
s 2
f -8/-4/-6 -7/-3/-6 -6/-2/-6 -5/-1/-6 
s 4
f -4/-1/-5 -3/-4/-5 -2/-3/-5 -1/-2/-5 
s 8
f -8/-1/-4 -5/-4/-4 -3/-3/-4 -4/-2/-4 
s 16
f -5/-1/-3 -6/-4/-3 -2/-3/-3 -3/-2/-3 
s 32
f -6/-1/-2 -7/-4/-2 -1/-3/-2 -2/-2/-2 
s 64
f -7/-1/-1 -8/-4/-1 -4/-3/-1 -1/-2/-1 
# 6 polygons

#
# object Box20282
#

v  1304.9503 69.0446 2026.1875
v  1336.4648 69.0446 2023.4303
v  1339.5585 69.0446 2058.7913
v  1308.0439 69.0446 2061.5486
v  1304.9503 71.6724 2026.1875
v  1308.0439 71.6724 2061.5486
v  1339.5585 71.6724 2058.7913
v  1336.4648 71.6724 2023.4303
# 8 vertices

vn 0.0000 -1.0000 -0.0000
vn 0.0000 1.0000 -0.0000
vn -0.9962 0.0000 0.0872
vn 0.0872 0.0000 0.9962
vn 0.9962 0.0000 -0.0872
vn -0.0872 0.0000 -0.9962
# 6 vertex normals

vt 1.0000 0.0000 0.0000
vt 1.0000 1.0000 0.0000
vt 0.0000 1.0000 0.0000
vt 0.0000 0.0000 0.0000
# 4 texture coords

g Box20282
usemtl _crayfishdiffuse
s 2
f -8/-4/-6 -7/-3/-6 -6/-2/-6 -5/-1/-6 
s 4
f -4/-1/-5 -3/-4/-5 -2/-3/-5 -1/-2/-5 
s 8
f -8/-1/-4 -5/-4/-4 -3/-3/-4 -4/-2/-4 
s 16
f -5/-1/-3 -6/-4/-3 -2/-3/-3 -3/-2/-3 
s 32
f -6/-1/-2 -7/-4/-2 -1/-3/-2 -2/-2/-2 
s 64
f -7/-1/-1 -8/-4/-1 -4/-3/-1 -1/-2/-1 
# 6 polygons

#
# object Box20283
#

v  1309.1718 69.0446 2074.4380
v  1340.6863 69.0446 2071.6809
v  1343.7799 69.0446 2107.0420
v  1312.2654 69.0446 2109.7991
v  1309.1718 71.6724 2074.4380
v  1312.2654 71.6724 2109.7991
v  1343.7799 71.6724 2107.0420
v  1340.6863 71.6724 2071.6809
# 8 vertices

vn 0.0000 -1.0000 -0.0000
vn 0.0000 1.0000 -0.0000
vn -0.9962 0.0000 0.0872
vn 0.0872 0.0000 0.9962
vn 0.9962 0.0000 -0.0872
vn -0.0872 0.0000 -0.9962
# 6 vertex normals

vt 1.0000 0.0000 0.0000
vt 1.0000 1.0000 0.0000
vt 0.0000 1.0000 0.0000
vt 0.0000 0.0000 0.0000
# 4 texture coords

g Box20283
usemtl _crayfishdiffuse
s 2
f -8/-4/-6 -7/-3/-6 -6/-2/-6 -5/-1/-6 
s 4
f -4/-1/-5 -3/-4/-5 -2/-3/-5 -1/-2/-5 
s 8
f -8/-1/-4 -5/-4/-4 -3/-3/-4 -4/-2/-4 
s 16
f -5/-1/-3 -6/-4/-3 -2/-3/-3 -3/-2/-3 
s 32
f -6/-1/-2 -7/-4/-2 -1/-3/-2 -2/-2/-2 
s 64
f -7/-1/-1 -8/-4/-1 -4/-3/-1 -1/-2/-1 
# 6 polygons

#
# object Box20284
#

v  1300.7289 69.0446 1977.9368
v  1332.2434 69.0446 1975.1796
v  1335.3370 69.0446 2010.5405
v  1303.8225 69.0446 2013.2977
v  1300.7289 71.6724 1977.9368
v  1303.8225 71.6724 2013.2977
v  1335.3370 71.6724 2010.5405
v  1332.2434 71.6724 1975.1796
# 8 vertices

vn 0.0000 -1.0000 -0.0000
vn 0.0000 1.0000 -0.0000
vn -0.9962 0.0000 0.0872
vn 0.0872 0.0000 0.9962
vn 0.9962 0.0000 -0.0872
vn -0.0872 0.0000 -0.9962
# 6 vertex normals

vt 1.0000 0.0000 0.0000
vt 1.0000 1.0000 0.0000
vt 0.0000 1.0000 0.0000
vt 0.0000 0.0000 0.0000
# 4 texture coords

g Box20284
usemtl _crayfishdiffuse
s 2
f -8/-4/-6 -7/-3/-6 -6/-2/-6 -5/-1/-6 
s 4
f -4/-1/-5 -3/-4/-5 -2/-3/-5 -1/-2/-5 
s 8
f -8/-1/-4 -5/-4/-4 -3/-3/-4 -4/-2/-4 
s 16
f -5/-1/-3 -6/-4/-3 -2/-3/-3 -3/-2/-3 
s 32
f -6/-1/-2 -7/-4/-2 -1/-3/-2 -2/-2/-2 
s 64
f -7/-1/-1 -8/-4/-1 -4/-3/-1 -1/-2/-1 
# 6 polygons

#
# object Box20285
#

v  1326.0573 69.0446 2267.4407
v  1357.5718 69.0446 2264.6836
v  1360.6654 69.0446 2300.0447
v  1329.1509 69.0446 2302.8018
v  1326.0573 71.6724 2267.4407
v  1329.1509 71.6724 2302.8018
v  1360.6654 71.6724 2300.0447
v  1357.5718 71.6724 2264.6836
# 8 vertices

vn 0.0000 -1.0000 -0.0000
vn 0.0000 1.0000 -0.0000
vn -0.9962 0.0000 0.0872
vn 0.0872 0.0000 0.9962
vn 0.9962 0.0000 -0.0872
vn -0.0872 0.0000 -0.9962
# 6 vertex normals

vt 1.0000 0.0000 0.0000
vt 1.0000 1.0000 0.0000
vt 0.0000 1.0000 0.0000
vt 0.0000 0.0000 0.0000
# 4 texture coords

g Box20285
usemtl _crayfishdiffuse
s 2
f -8/-4/-6 -7/-3/-6 -6/-2/-6 -5/-1/-6 
s 4
f -4/-1/-5 -3/-4/-5 -2/-3/-5 -1/-2/-5 
s 8
f -8/-1/-4 -5/-4/-4 -3/-3/-4 -4/-2/-4 
s 16
f -5/-1/-3 -6/-4/-3 -2/-3/-3 -3/-2/-3 
s 32
f -6/-1/-2 -7/-4/-2 -1/-3/-2 -2/-2/-2 
s 64
f -7/-1/-1 -8/-4/-1 -4/-3/-1 -1/-2/-1 
# 6 polygons

#
# object Box20286
#

v  1321.8358 69.0446 2219.1899
v  1353.3503 69.0446 2216.4329
v  1356.4440 69.0446 2251.7939
v  1324.9294 69.0446 2254.5510
v  1321.8358 71.6724 2219.1899
v  1324.9294 71.6724 2254.5510
v  1356.4440 71.6724 2251.7939
v  1353.3503 71.6724 2216.4329
# 8 vertices

vn 0.0000 -1.0000 -0.0000
vn 0.0000 1.0000 -0.0000
vn -0.9962 0.0000 0.0872
vn 0.0872 0.0000 0.9962
vn 0.9962 0.0000 -0.0872
vn -0.0872 0.0000 -0.9962
# 6 vertex normals

vt 1.0000 0.0000 0.0000
vt 1.0000 1.0000 0.0000
vt 0.0000 1.0000 0.0000
vt 0.0000 0.0000 0.0000
# 4 texture coords

g Box20286
usemtl _crayfishdiffuse
s 2
f -8/-4/-6 -7/-3/-6 -6/-2/-6 -5/-1/-6 
s 4
f -4/-1/-5 -3/-4/-5 -2/-3/-5 -1/-2/-5 
s 8
f -8/-1/-4 -5/-4/-4 -3/-3/-4 -4/-2/-4 
s 16
f -5/-1/-3 -6/-4/-3 -2/-3/-3 -3/-2/-3 
s 32
f -6/-1/-2 -7/-4/-2 -1/-3/-2 -2/-2/-2 
s 64
f -7/-1/-1 -8/-4/-1 -4/-3/-1 -1/-2/-1 
# 6 polygons

#
# object Box20287
#

v  1317.6145 69.0446 2170.9392
v  1349.1290 69.0446 2168.1821
v  1352.2227 69.0446 2203.5432
v  1320.7081 69.0446 2206.3003
v  1317.6145 71.6724 2170.9392
v  1320.7081 71.6724 2206.3003
v  1352.2227 71.6724 2203.5432
v  1349.1290 71.6724 2168.1821
# 8 vertices

vn 0.0000 -1.0000 -0.0000
vn 0.0000 1.0000 -0.0000
vn -0.9962 0.0000 0.0872
vn 0.0872 0.0000 0.9962
vn 0.9962 0.0000 -0.0872
vn -0.0872 0.0000 -0.9962
# 6 vertex normals

vt 1.0000 0.0000 0.0000
vt 1.0000 1.0000 0.0000
vt 0.0000 1.0000 0.0000
vt 0.0000 0.0000 0.0000
# 4 texture coords

g Box20287
usemtl _crayfishdiffuse
s 2
f -8/-4/-6 -7/-3/-6 -6/-2/-6 -5/-1/-6 
s 4
f -4/-1/-5 -3/-4/-5 -2/-3/-5 -1/-2/-5 
s 8
f -8/-1/-4 -5/-4/-4 -3/-3/-4 -4/-2/-4 
s 16
f -5/-1/-3 -6/-4/-3 -2/-3/-3 -3/-2/-3 
s 32
f -6/-1/-2 -7/-4/-2 -1/-3/-2 -2/-2/-2 
s 64
f -7/-1/-1 -8/-4/-1 -4/-3/-1 -1/-2/-1 
# 6 polygons

#
# object Box20288
#

v  1313.3931 69.0446 2122.6887
v  1344.9076 69.0446 2119.9316
v  1348.0012 69.0446 2155.2927
v  1316.4867 69.0446 2158.0498
v  1313.3931 71.6724 2122.6887
v  1316.4867 71.6724 2158.0498
v  1348.0012 71.6724 2155.2927
v  1344.9076 71.6724 2119.9316
# 8 vertices

vn 0.0000 -1.0000 -0.0000
vn 0.0000 1.0000 -0.0000
vn -0.9962 0.0000 0.0872
vn 0.0872 0.0000 0.9962
vn 0.9962 0.0000 -0.0872
vn -0.0872 0.0000 -0.9962
# 6 vertex normals

vt 1.0000 0.0000 0.0000
vt 1.0000 1.0000 0.0000
vt 0.0000 1.0000 0.0000
vt 0.0000 0.0000 0.0000
# 4 texture coords

g Box20288
usemtl _crayfishdiffuse
s 2
f -8/-4/-6 -7/-3/-6 -6/-2/-6 -5/-1/-6 
s 4
f -4/-1/-5 -3/-4/-5 -2/-3/-5 -1/-2/-5 
s 8
f -8/-1/-4 -5/-4/-4 -3/-3/-4 -4/-2/-4 
s 16
f -5/-1/-3 -6/-4/-3 -2/-3/-3 -3/-2/-3 
s 32
f -6/-1/-2 -7/-4/-2 -1/-3/-2 -2/-2/-2 
s 64
f -7/-1/-1 -8/-4/-1 -4/-3/-1 -1/-2/-1 
# 6 polygons

#
# object Box20289
#

v  1330.9126 69.0446 1780.9209
v  1362.4271 69.0446 1778.1637
v  1365.5208 69.0446 1813.5247
v  1334.0062 69.0446 1816.2819
v  1330.9126 71.6724 1780.9209
v  1334.0062 71.6724 1816.2819
v  1365.5208 71.6724 1813.5247
v  1362.4271 71.6724 1778.1637
# 8 vertices

vn 0.0000 -1.0000 -0.0000
vn 0.0000 1.0000 -0.0000
vn -0.9962 0.0000 0.0872
vn 0.0872 0.0000 0.9962
vn 0.9962 0.0000 -0.0872
vn -0.0872 0.0000 -0.9962
# 6 vertex normals

vt 1.0000 0.0000 0.0000
vt 1.0000 1.0000 0.0000
vt 0.0000 1.0000 0.0000
vt 0.0000 0.0000 0.0000
# 4 texture coords

g Box20289
usemtl _crayfishdiffuse
s 2
f -8/-4/-6 -7/-3/-6 -6/-2/-6 -5/-1/-6 
s 4
f -4/-1/-5 -3/-4/-5 -2/-3/-5 -1/-2/-5 
s 8
f -8/-1/-4 -5/-4/-4 -3/-3/-4 -4/-2/-4 
s 16
f -5/-1/-3 -6/-4/-3 -2/-3/-3 -3/-2/-3 
s 32
f -6/-1/-2 -7/-4/-2 -1/-3/-2 -2/-2/-2 
s 64
f -7/-1/-1 -8/-4/-1 -4/-3/-1 -1/-2/-1 
# 6 polygons

#
# object Box20290
#

v  1339.6865 69.0446 1881.2069
v  1371.2010 69.0446 1878.4497
v  1374.2947 69.0446 1913.8107
v  1342.7802 69.0446 1916.5679
v  1339.6865 71.6724 1881.2069
v  1342.7802 71.6724 1916.5679
v  1374.2947 71.6724 1913.8107
v  1371.2010 71.6724 1878.4497
# 8 vertices

vn 0.0000 -1.0000 -0.0000
vn 0.0000 1.0000 -0.0000
vn -0.9962 0.0000 0.0872
vn 0.0872 0.0000 0.9962
vn 0.9962 0.0000 -0.0872
vn -0.0872 0.0000 -0.9962
# 6 vertex normals

vt 1.0000 0.0000 0.0000
vt 1.0000 1.0000 0.0000
vt 0.0000 1.0000 0.0000
vt 0.0000 0.0000 0.0000
# 4 texture coords

g Box20290
usemtl _crayfishdiffuse
s 2
f -8/-4/-6 -7/-3/-6 -6/-2/-6 -5/-1/-6 
s 4
f -4/-1/-5 -3/-4/-5 -2/-3/-5 -1/-2/-5 
s 8
f -8/-1/-4 -5/-4/-4 -3/-3/-4 -4/-2/-4 
s 16
f -5/-1/-3 -6/-4/-3 -2/-3/-3 -3/-2/-3 
s 32
f -6/-1/-2 -7/-4/-2 -1/-3/-2 -2/-2/-2 
s 64
f -7/-1/-1 -8/-4/-1 -4/-3/-1 -1/-2/-1 
# 6 polygons

#
# object Box20291
#

v  1359.9326 69.0446 2112.6204
v  1391.4471 69.0446 2109.8633
v  1394.5408 69.0446 2145.2244
v  1363.0262 69.0446 2147.9814
v  1359.9326 71.6724 2112.6204
v  1363.0262 71.6724 2147.9814
v  1394.5408 71.6724 2145.2244
v  1391.4471 71.6724 2109.8633
# 8 vertices

vn 0.0000 -1.0000 -0.0000
vn 0.0000 1.0000 -0.0000
vn -0.9962 0.0000 0.0872
vn 0.0872 0.0000 0.9962
vn 0.9962 0.0000 -0.0872
vn -0.0872 0.0000 -0.9962
# 6 vertex normals

vt 1.0000 0.0000 0.0000
vt 1.0000 1.0000 0.0000
vt 0.0000 1.0000 0.0000
vt 0.0000 0.0000 0.0000
# 4 texture coords

g Box20291
usemtl _crayfishdiffuse
s 2
f -8/-4/-6 -7/-3/-6 -6/-2/-6 -5/-1/-6 
s 4
f -4/-1/-5 -3/-4/-5 -2/-3/-5 -1/-2/-5 
s 8
f -8/-1/-4 -5/-4/-4 -3/-3/-4 -4/-2/-4 
s 16
f -5/-1/-3 -6/-4/-3 -2/-3/-3 -3/-2/-3 
s 32
f -6/-1/-2 -7/-4/-2 -1/-3/-2 -2/-2/-2 
s 64
f -7/-1/-1 -8/-4/-1 -4/-3/-1 -1/-2/-1 
# 6 polygons

#
# object Box20292
#

v  1335.4874 69.0446 1833.2113
v  1367.0020 69.0446 1830.4541
v  1370.0956 69.0446 1865.8151
v  1338.5811 69.0446 1868.5723
v  1335.4874 71.6724 1833.2113
v  1338.5811 71.6724 1868.5723
v  1370.0956 71.6724 1865.8151
v  1367.0020 71.6724 1830.4541
# 8 vertices

vn 0.0000 -1.0000 -0.0000
vn 0.0000 1.0000 -0.0000
vn -0.9962 0.0000 0.0872
vn 0.0872 0.0000 0.9962
vn 0.9962 0.0000 -0.0872
vn -0.0872 0.0000 -0.9962
# 6 vertex normals

vt 1.0000 0.0000 0.0000
vt 1.0000 1.0000 0.0000
vt 0.0000 1.0000 0.0000
vt 0.0000 0.0000 0.0000
# 4 texture coords

g Box20292
usemtl _crayfishdiffuse
s 2
f -8/-4/-6 -7/-3/-6 -6/-2/-6 -5/-1/-6 
s 4
f -4/-1/-5 -3/-4/-5 -2/-3/-5 -1/-2/-5 
s 8
f -8/-1/-4 -5/-4/-4 -3/-3/-4 -4/-2/-4 
s 16
f -5/-1/-3 -6/-4/-3 -2/-3/-3 -3/-2/-3 
s 32
f -6/-1/-2 -7/-4/-2 -1/-3/-2 -2/-2/-2 
s 64
f -7/-1/-1 -8/-4/-1 -4/-3/-1 -1/-2/-1 
# 6 polygons

#
# object Box20293
#

v  1351.8628 69.0446 2020.3827
v  1383.3773 69.0446 2017.6255
v  1386.4709 69.0446 2052.9866
v  1354.9564 69.0446 2055.7437
v  1351.8628 71.6724 2020.3827
v  1354.9564 71.6724 2055.7437
v  1386.4709 71.6724 2052.9866
v  1383.3773 71.6724 2017.6255
# 8 vertices

vn 0.0000 -1.0000 -0.0000
vn 0.0000 1.0000 -0.0000
vn -0.9962 0.0000 0.0872
vn 0.0872 0.0000 0.9962
vn 0.9962 0.0000 -0.0872
vn -0.0872 0.0000 -0.9962
# 6 vertex normals

vt 1.0000 0.0000 0.0000
vt 1.0000 1.0000 0.0000
vt 0.0000 1.0000 0.0000
vt 0.0000 0.0000 0.0000
# 4 texture coords

g Box20293
usemtl _crayfishdiffuse
s 2
f -8/-4/-6 -7/-3/-6 -6/-2/-6 -5/-1/-6 
s 4
f -4/-1/-5 -3/-4/-5 -2/-3/-5 -1/-2/-5 
s 8
f -8/-1/-4 -5/-4/-4 -3/-3/-4 -4/-2/-4 
s 16
f -5/-1/-3 -6/-4/-3 -2/-3/-3 -3/-2/-3 
s 32
f -6/-1/-2 -7/-4/-2 -1/-3/-2 -2/-2/-2 
s 64
f -7/-1/-1 -8/-4/-1 -4/-3/-1 -1/-2/-1 
# 6 polygons

#
# object Box20294
#

v  1355.8977 69.0446 2066.5015
v  1387.4122 69.0446 2063.7444
v  1390.5059 69.0446 2099.1055
v  1358.9913 69.0446 2101.8625
v  1355.8977 71.6724 2066.5015
v  1358.9913 71.6724 2101.8625
v  1390.5059 71.6724 2099.1055
v  1387.4122 71.6724 2063.7444
# 8 vertices

vn 0.0000 -1.0000 -0.0000
vn 0.0000 1.0000 -0.0000
vn -0.9962 0.0000 0.0872
vn 0.0872 0.0000 0.9962
vn 0.9962 0.0000 -0.0872
vn -0.0872 0.0000 -0.9962
# 6 vertex normals

vt 1.0000 0.0000 0.0000
vt 1.0000 1.0000 0.0000
vt 0.0000 1.0000 0.0000
vt 0.0000 0.0000 0.0000
# 4 texture coords

g Box20294
usemtl _crayfishdiffuse
s 2
f -8/-4/-6 -7/-3/-6 -6/-2/-6 -5/-1/-6 
s 4
f -4/-1/-5 -3/-4/-5 -2/-3/-5 -1/-2/-5 
s 8
f -8/-1/-4 -5/-4/-4 -3/-3/-4 -4/-2/-4 
s 16
f -5/-1/-3 -6/-4/-3 -2/-3/-3 -3/-2/-3 
s 32
f -6/-1/-2 -7/-4/-2 -1/-3/-2 -2/-2/-2 
s 64
f -7/-1/-1 -8/-4/-1 -4/-3/-1 -1/-2/-1 
# 6 polygons

#
# object Box20295
#

v  1368.0023 69.0446 2204.8579
v  1399.5168 69.0446 2202.1008
v  1402.6105 69.0446 2237.4619
v  1371.0959 69.0446 2240.2190
v  1368.0023 71.6724 2204.8579
v  1371.0959 71.6724 2240.2190
v  1402.6105 71.6724 2237.4619
v  1399.5168 71.6724 2202.1008
# 8 vertices

vn 0.0000 -1.0000 -0.0000
vn 0.0000 1.0000 -0.0000
vn -0.9962 0.0000 0.0872
vn 0.0872 0.0000 0.9962
vn 0.9962 0.0000 -0.0872
vn -0.0872 0.0000 -0.9962
# 6 vertex normals

vt 1.0000 0.0000 0.0000
vt 1.0000 1.0000 0.0000
vt 0.0000 1.0000 0.0000
vt 0.0000 0.0000 0.0000
# 4 texture coords

g Box20295
usemtl _crayfishdiffuse
s 2
f -8/-4/-6 -7/-3/-6 -6/-2/-6 -5/-1/-6 
s 4
f -4/-1/-5 -3/-4/-5 -2/-3/-5 -1/-2/-5 
s 8
f -8/-1/-4 -5/-4/-4 -3/-3/-4 -4/-2/-4 
s 16
f -5/-1/-3 -6/-4/-3 -2/-3/-3 -3/-2/-3 
s 32
f -6/-1/-2 -7/-4/-2 -1/-3/-2 -2/-2/-2 
s 64
f -7/-1/-1 -8/-4/-1 -4/-3/-1 -1/-2/-1 
# 6 polygons

#
# object Box20296
#

v  1363.9675 69.0446 2158.7390
v  1395.4821 69.0446 2155.9819
v  1398.5757 69.0446 2191.3430
v  1367.0612 69.0446 2194.1001
v  1363.9675 71.6724 2158.7390
v  1367.0612 71.6724 2194.1001
v  1398.5757 71.6724 2191.3430
v  1395.4821 71.6724 2155.9819
# 8 vertices

vn 0.0000 -1.0000 -0.0000
vn 0.0000 1.0000 -0.0000
vn -0.9962 0.0000 0.0872
vn 0.0872 0.0000 0.9962
vn 0.9962 0.0000 -0.0872
vn -0.0872 0.0000 -0.9962
# 6 vertex normals

vt 1.0000 0.0000 0.0000
vt 1.0000 1.0000 0.0000
vt 0.0000 1.0000 0.0000
vt 0.0000 0.0000 0.0000
# 4 texture coords

g Box20296
usemtl _crayfishdiffuse
s 2
f -8/-4/-6 -7/-3/-6 -6/-2/-6 -5/-1/-6 
s 4
f -4/-1/-5 -3/-4/-5 -2/-3/-5 -1/-2/-5 
s 8
f -8/-1/-4 -5/-4/-4 -3/-3/-4 -4/-2/-4 
s 16
f -5/-1/-3 -6/-4/-3 -2/-3/-3 -3/-2/-3 
s 32
f -6/-1/-2 -7/-4/-2 -1/-3/-2 -2/-2/-2 
s 64
f -7/-1/-1 -8/-4/-1 -4/-3/-1 -1/-2/-1 
# 6 polygons

#
# object Box20297
#

v  1347.8280 69.0446 1974.2639
v  1379.3425 69.0446 1971.5067
v  1382.4362 69.0446 2006.8677
v  1350.9216 69.0446 2009.6249
v  1347.8280 71.6724 1974.2639
v  1350.9216 71.6724 2009.6249
v  1382.4362 71.6724 2006.8677
v  1379.3425 71.6724 1971.5067
# 8 vertices

vn 0.0000 -1.0000 -0.0000
vn 0.0000 1.0000 -0.0000
vn -0.9962 0.0000 0.0872
